#Pres (bars)             Temp (K)
9.999999999999999547e-07 3.308536017651252337e+02
1.456348477501244368e-06 3.308557387470639810e+02
2.120950887920192385e-06 3.308588530807268739e+02
3.088843596477478545e-06 3.308633917032743739e+02
4.498432668969443943e-06 3.308700058721756250e+02
6.551285568595509496e-06 3.308796445033236182e+02
9.540954763499943534e-06 3.308936900717557705e+02
1.389495494373136094e-05 3.309141563981343097e+02
2.023589647725155557e-05 3.309439763207588499e+02
2.947051702551809911e-05 3.309874197176549160e+02
4.291934260128778017e-05 3.310507001284540820e+02
6.250551925273976277e-05 3.311428533435287136e+02
9.102981779915227567e-05 3.312770062512274194e+02
1.325711365590108188e-04 3.314722016192023375e+02
1.930697728883249591e-04 3.317560062759526431e+02
2.811768697974227865e-04 3.321682053462930071e+02
4.094915062380423171e-04 3.327659649105279982e+02
5.963623316594642357e-04 3.336309032350711163e+02
8.685113737513520038e-04 3.348784853197051916e+02
1.264855216855295715e-03 3.366699257405425669e+02
1.842069969326714379e-03 3.392261462499190543e+02
2.682695795279724585e-03 3.428420176958046000e+02
3.906939937054612622e-03 3.478969383731400740e+02
5.689866029018292998e-03 3.548550829556378972e+02
8.286427728546841634e-03 3.642468523417962274e+02
1.206792640639328847e-02 3.766249115624673891e+02
1.757510624854789413e-02 3.924959880520032698e+02
2.559547922699533309e-02 4.122411649284784971e+02
3.727593720314938130e-02 4.360444567226204526e+02
5.428675439323859403e-02 4.638441281866771533e+02
7.906043210907685859e-02 4.953063373165102803e+02
1.151395399326445718e-01 5.298090639984525296e+02
1.676832936811006591e-01 5.664256251962441411e+02
2.442053094548649883e-01 6.039095734249899579e+02
3.556480306223128718e-01 6.406978040589331158e+02
5.179474679231201861e-01 6.749604829645562631e+02
7.543120063354606941e-01 7.047413068273649515e+02
1.098541141987557257e+00 7.282673055549028049e+02
1.599858719606057411e+00 7.445294936722568764e+02
2.329951810515367150e+00 7.540300935703739924e+02
3.393221771895322814e+00 7.590108491187924074e+02
4.941713361323827769e+00 7.624015668931763230e+02
7.196856730011513825e+00 7.663068744562450547e+02
1.048113134154685255e+01 7.717730720731433394e+02
1.526417967175230217e+01 7.795265972699908161e+02
2.222996482526190931e+01 7.904205158892484633e+02
3.237457542817639933e+01 8.055225125632357503e+02
4.714866363457390008e+01 8.261032056440253655e+02
6.866488450042997727e+01 8.535734677375961610e+02
1.000000000000000000e+02 8.893736710099127549e+02
